# Created by Octave 3.8.1, Sat Oct 08 19:46:58 2016 IST <jayant@localhost>
# name: data
# type: matrix
# rows: 75
# columns: 2
 5.36139687895775 1.99780929088593
 2.54244024306536 3.03480878472328
 4.96753835678101 8.153758347034451
 2.12979285418987 5.62178534269333
 1.24464669823647 6.03178533911705
 3.21429479122162 0.799568831920624
 3.2735883295536 3.00861430168152
 1.50348950922489 5.44268254935741
 5.99369460344315 9.123250663280491
 1.92608690261841 4.58745947480202
 4.63860747218132 7.31130331754684
 4.5744811296463 7.21294450759888
 4.83097982406616 6.23812402784824
 1.66012047231197 6.86849987506866
 1.31724473834038 6.64362125098705
 3.44350653141737 5.52300815284252
 6.36110809445381 2.33765622973442
 -0.578503966331482 5.57735112309456
 3.75151518732309 6.48559662699699
 2.76013832166791 4.24266801774502
 3.10216041095555 5.78510172665119
 4.80497831106186 0.695195198059082
 2.98219092562795 5.55240567773581
 1.67348192632198 1.95085123181343
 2.63934718817472 8.231738895177839
 2.77646775916219 7.02696749567986
 2.10680375993252 6.04737168550491
 5.04603481292725 6.46342040598392
 2.51986801624298 7.1751905977726
 1.46323898434639 6.12526127696037
 1.40660519897938 5.99775137007236
 4.4296787083149 2.95002838969231
 3.07631005998701 4.08937668800354
 5.48471224308014 9.516747653484339
 5.0141234099865 5.69242405891418
 4.09640276432037 4.56259111315012
 4.50555515289307 4.00373387336731
 2.67722149565816 4.66960997506976
 4.20845931768417 8.174566566944121
 -2.15590155124664 4.88286833465099
 2.9245635792613 5.65490108728409
 3.42280627042055 8.84999048709869
 1.33731289207935 3.20452645421028
 2.71453139185905 5.75896518677473
 2.99372900591698 2.68884980678558
 4.12877082824707 5.35320755839348
 3.48905684798956 1.65462845563889
 3.45341236144304 7.24907892942429
 4.48989109694958 3.0607470870018
 3.87299937009811 6.29447628557682
 3.10728671215475 6.37461517751217
 2.2711194679141 8.564089000225071
 3.47245386242867 3.78897501528263
 1.14687639474869 3.06219008564949
 3.02428436651826 5.20892220549285
 0.0599696338176727 3.90035335719585
 2.03897187113762 4.69639150425792
 1.51848870515823 2.81613638997078
 -0.116881251335144 2.65151563286781
 3.19857914187014 3.63071882724762
 8.17805228531361 5.30109634399414
 8.28186259269714 4.92203720510006
 7.92670425847173 5.24002952575684
 8.26000303030014 4.84209652990103
 7.51436722278595 4.65134628415108
 8.03491656444967 4.77584227025509
 7.36562796235085 4.91422390043735
 8.24511041641235 4.80369068384171
 7.98795255199075 5.16185980439186
 7.88865401446819 4.64334405660629
 8.350706875324249 5.18760534524918
 8.27618044912815 4.65406363606453
 7.56657519340515 5.07894458994269
 8.14070827513933 4.55280714631081
 8.06775283366442 5.4345451593399


# name: initmeans
# type: matrix
# rows: 2
# columns: 2
 1 6
 10 6


