# Created by Octave 3.8.1, Sat Oct 08 19:41:08 2016 IST <jayant@localhost>
# name: data
# type: matrix
# rows: 100
# columns: 2
 3.34846252202988 6.98034250736237
 4.01596808061004 6.02828767895699
 3.98802924063057 5.3162155225873
 3.73652476072311 9.15946674346924
 3.9376992918551 3.93113988637924
 3.93986654654145 5.0988679677248
 3.66238209605217 4.66202154755592
 4.29885479807854 4.52042160928249
 4.45429962873459 2.63881099224091
 4.24274045228958 4.95991954114288
 4.02907604910433 6.0178442299366
 4.12607590854168 5.5831395983696
 3.91462831199169 4.71058133244514
 3.61684316396713 7.09747779369354
 3.89400768280029 5.33601710945368
 4.04118893295527 2.23647874593735
 3.96425588428974 6.84004312753677
 4.03145280107856 4.59461906552315
 3.95300736278296 6.24756550788879
 3.66736409068108 6.04258626699448
 4.05474758520722 0.890761017799377
 3.89759574085474 5.00498040497769
 3.66416192054749 6.64426440000534
 3.96319797262549 4.45499953627586
 4.00463189044967 5.51748922467232
 4.34905651211739 4.01799312233925
 4.19272628426552 3.22426122426987
 3.92467407137156 6.82184541225433
 4.00449053477496 4.61732414364815
 3.36532938480377 5.50193205475807
 3.91500657051802 4.47198940813541
 3.70890456438065 2.77008581161499
 3.82219861447811 5.32649654150009
 4.32761064171791 3.57308393716812
 3.7989654392004 1.28565084934235
 4.11392527073622 2.24873268604279
 4.33682134747505 3.34526318311691
 4.08216730505228 5.67820397019386
 4.38086926937103 4.3820219039917
 3.77407091856003 6.39983487129211
 3.89425580203533 6.78287416696548
 3.75815784931183 7.24259567260742
 4.00156641053036 5.23880685865879
 4.37828344106674 3.74935388565063
 3.76388518512249 4.18723326921463
 3.85255853831768 4.26401878893375
 4.12974463403225 3.61816856265068
 4.05195654183626 5.13955092057586
 4.16727843880653 4.14648577570915
 3.70269975066185 4.44337658584118
 4.02494754642248 1.8912296295166
 4.28705194592476 3.81039237976074
 3.96033253520727 4.37950840592384
 3.64039906859398 4.93775276839733
 3.7235367000103 4.90526726096869
 4.09452541172504 4.59433975815773
 4.24319446086884 3.30598026514053
 4.28834274411201 6.34371984004974
 4.37819960713387 6.80608582496643
 4.67762386798859 8.230214715003971
 4.13063921034336 4.21197316050529
 3.72523972392082 5.40243774652481
 4.06570313870907 8.658098936080931
 4.04937722533941 3.55782958865166
 4.14347955584526 6.93967735767365
 4.06224196776748 3.48499339818954
 4.25854897499084 3.05238473415375
 4.09522910416126 8.17348313331604
 4.18040600419044 4.75056886672974
 4.2485563158989 5.54807204008102
 5.45569616556168 4.04020574688911
 6.10207632184029 5.26294197887182
 5.65608334541321 4.89363067597151
 5.72497364878654 5.13510232046247
 6.4649915099144 5.71031256020069
 6.1003679856658 4.64867237210274
 6.17715972661972 5.33058726787567
 5.47287201881409 5.88630083203316
 6.15585008263588 5.06933554448187
 5.96048367395997 5.41147451102734
 6.06336236745119 3.72301754355431
 6.10712361335754 5.09315679594874
 5.96453437209129 3.50717687606812
 5.8482778519392 6.1911888718605
 5.96220045909286 6.47016328573227
 6.37698754668236 4.32177542150021
 6.20091868937016 5.41549947857857
 6.00524632493034 3.6938750743866
 6.05232162028551 6.86998534202576
 6.01485440786928 5.57816691696644
 5.82210132479668 7.46295595169067
 5.93758500367403 2.8146761059761
 6.56456243991852 4.8601522706449
 6.07110516726971 4.26871019601822
 6.26326543092728 8.756122231483459
 5.82860462367535 4.84156821668148
 5.74040961265564 4.11717164516449
 6.30171397328377 7.12767714262009
 5.5668902695179 7.40457713603973
 6.34718009829521 5.32681809365749


