# Created by Octave 3.8.1, Sat Oct 08 18:28:01 2016 IST <jayant@localhost>
# name: data
# type: matrix
# rows: 40
# columns: 2
 1.5 2.5
 3.5 4.5
 5.5 6.5
 7.5 8.5
 3.5 3.5
 2.5 4.5
 3 4
 5 6
 7 8
 7 7.5
 3 6
 2 4
 1 1
 2 3
 3 5
 7 2
 8 8
 7 6
 1 3
 2 5
 7 4
 8 3
 8 4
 6.5 7
 2 2
 1 2
 1.5 1.5
 2.5 3.5
 3.5 5.5
 7.5 2.5
 8.5 5
 7.5 6.5
 1.5 3.5
 2.5 5.5
 7.5 2.5
 8.5 3.5
 8.5 4.5
 6 4
 2.5 2.5
 1.95 1.5


# name: initmeans
# type: matrix
# rows: 2
# columns: 2
 1 8
 6 5


